[0.1, 0.1, 5467.32]
[0.1, 0.2, 4431.6]
[0.1, 0.30000000000000004, 3902.7599999999998]
[0.1, 0.4, 3730.68]
[0.1, 0.5, 3866.4]
[0.1, 0.6000000000000001, 4167.360000000001]
[0.1, 0.7000000000000001, 3384.72]
[0.1, 0.8, 3205.7999999999997]
[0.1, 0.9, 3305.16]
[0.2, 0.1, 7686.72]
[0.2, 0.2, 7123.68]
[0.2, 0.30000000000000004, 4832.28]
[0.2, 0.4, 4142.5199999999995]
[0.2, 0.5, 3777.1200000000003]
[0.2, 0.6000000000000001, 3774.6]
[0.2, 0.7000000000000001, 3804.48]
[0.2, 0.8, 3724.2000000000003]
[0.2, 0.9, 3182.7599999999998]
[0.30000000000000004, 0.1, 13747.68]
[0.30000000000000004, 0.2, 11911.68]
[0.30000000000000004, 0.30000000000000004, 7255.44]
[0.30000000000000004, 0.4, 4867.56]
[0.30000000000000004, 0.5, 4740.12]
[0.30000000000000004, 0.6000000000000001, 4667.4]
[0.30000000000000004, 0.7000000000000001, 4391.28]
[0.30000000000000004, 0.8, 4033.8]
[0.30000000000000004, 0.9, 4449.96]
[0.4, 0.1, 12090.240000000002]
[0.4, 0.2, 7981.200000000001]
[0.4, 0.30000000000000004, 7903.799999999999]
[0.4, 0.4, 5679.36]
[0.4, 0.5, 5358.96]
[0.4, 0.6000000000000001, 4248.0]
[0.4, 0.7000000000000001, 4027.3199999999997]
[0.4, 0.8, 3976.92]
[0.4, 0.9, 4106.88]
[0.5, 0.1, 9506.16]
[0.5, 0.2, 12071.519999999999]
[0.5, 0.30000000000000004, 9762.12]
[0.5, 0.4, 10096.2]
[0.5, 0.5, 7472.52]
[0.5, 0.6000000000000001, 6076.799999999999]
[0.5, 0.7000000000000001, 4806.72]
[0.5, 0.8, 4227.12]
[0.5, 0.9, 3945.6000000000004]
[0.6000000000000001, 0.1, 8436.24]
[0.6000000000000001, 0.2, 13477.68]
[0.6000000000000001, 0.30000000000000004, 11816.28]
[0.6000000000000001, 0.4, 7989.12]
[0.6000000000000001, 0.5, 10078.2]
[0.6000000000000001, 0.6000000000000001, 7868.88]
[0.6000000000000001, 0.7000000000000001, 5855.400000000001]
[0.6000000000000001, 0.8, 5091.12]
[0.6000000000000001, 0.9, 4401.72]
[0.7000000000000001, 0.1, 6139.08]
[0.7000000000000001, 0.2, 5837.039999999999]
[0.7000000000000001, 0.30000000000000004, 14810.76]
[0.7000000000000001, 0.4, 11447.64]
[0.7000000000000001, 0.5, 9985.32]
[0.7000000000000001, 0.6000000000000001, 9072.36]
[0.7000000000000001, 0.7000000000000001, 7097.039999999999]
[0.7000000000000001, 0.8, 4767.4800000000005]
[0.7000000000000001, 0.9, 4485.96]
[0.8, 0.1, 10844.64]
[0.8, 0.2, 9348.119999999999]
[0.8, 0.30000000000000004, 5406.12]
[0.8, 0.4, 11871.36]
[0.8, 0.5, 11044.439999999999]
[0.8, 0.6000000000000001, 11382.12]
[0.8, 0.7000000000000001, 10751.4]
[0.8, 0.8, 8311.68]
[0.8, 0.9, 4427.639999999999]
[0.9, 0.1, 14081.039999999999]
[0.9, 0.2, 5186.52]
[0.9, 0.30000000000000004, 16483.68]
[0.9, 0.4, 10695.96]
[0.9, 0.5, 7639.2]
[0.9, 0.6000000000000001, 5104.08]
[0.9, 0.7000000000000001, 8968.68]
[0.9, 0.8, 6615.360000000001]
[0.9, 0.9, 9338.4]
[0.1, 0.1, 4777.2]
[0.1, 0.2, 4665.6]
[0.1, 0.30000000000000004, 4736.16]
[0.1, 0.4, 4495.32]
[0.1, 0.5, 4371.4800000000005]
[0.1, 0.6000000000000001, 4129.92]
[0.1, 0.7000000000000001, 3885.4799999999996]
[0.1, 0.8, 3546.0]
[0.1, 0.9, 3846.24]
[0.2, 0.1, 9912.24]
[0.2, 0.2, 7564.68]
[0.2, 0.30000000000000004, 5589.0]
[0.2, 0.4, 4640.400000000001]
[0.2, 0.5, 4398.12]
[0.2, 0.6000000000000001, 4447.08]
[0.2, 0.7000000000000001, 3932.64]
[0.2, 0.8, 3625.9199999999996]
[0.2, 0.9, 3526.56]
[0.30000000000000004, 0.1, 10358.64]
[0.30000000000000004, 0.2, 7416.72]
[0.30000000000000004, 0.30000000000000004, 6983.999999999999]
[0.30000000000000004, 0.4, 5999.040000000001]
[0.30000000000000004, 0.5, 4735.44]
[0.30000000000000004, 0.6000000000000001, 4089.6]
[0.30000000000000004, 0.7000000000000001, 4191.12]
[0.30000000000000004, 0.8, 4718.5199999999995]
[0.30000000000000004, 0.9, 5010.84]
[0.4, 0.1, 15348.960000000001]
[0.4, 0.2, 9574.92]
[0.4, 0.30000000000000004, 7668.72]
[0.4, 0.4, 6445.8]
[0.4, 0.5, 5485.68]
[0.4, 0.6000000000000001, 4494.96]
[0.4, 0.7000000000000001, 4530.6]
[0.4, 0.8, 3890.16]
[0.4, 0.9, 3448.08]
[0.5, 0.1, 12054.24]
[0.5, 0.2, 8311.68]
[0.5, 0.30000000000000004, 8718.119999999999]
[0.5, 0.4, 6808.68]
[0.5, 0.5, 6131.16]
[0.5, 0.6000000000000001, 5454.0]
[0.5, 0.7000000000000001, 4616.64]
[0.5, 0.8, 4204.4400000000005]
[0.5, 0.9, 4280.76]
[0.6000000000000001, 0.1, 16704.0]
[0.6000000000000001, 0.2, 18024.48]
[0.6000000000000001, 0.30000000000000004, 7120.44]
[0.6000000000000001, 0.4, 12153.960000000001]
[0.6000000000000001, 0.5, 8110.44]
[0.6000000000000001, 0.6000000000000001, 7292.52]
[0.6000000000000001, 0.7000000000000001, 5830.2]
[0.6000000000000001, 0.8, 4531.32]
[0.6000000000000001, 0.9, 4331.88]
[0.7000000000000001, 0.1, 11648.88]
[0.7000000000000001, 0.2, 10633.68]
[0.7000000000000001, 0.30000000000000004, 9030.6]
[0.7000000000000001, 0.4, 10312.92]
[0.7000000000000001, 0.5, 16043.4]
[0.7000000000000001, 0.6000000000000001, 10017.36]
[0.7000000000000001, 0.7000000000000001, 4629.24]
[0.7000000000000001, 0.8, 5304.599999999999]
[0.7000000000000001, 0.9, 4089.6]
[0.8, 0.1, 7796.16]
[0.8, 0.2, 18314.28]
[0.8, 0.30000000000000004, 17543.52]
[0.8, 0.4, 14125.68]
[0.8, 0.5, 11431.08]
[0.8, 0.6000000000000001, 7699.32]
[0.8, 0.7000000000000001, 8648.28]
[0.8, 0.8, 7109.639999999999]
[0.8, 0.9, 5708.16]
[0.9, 0.1, 18263.52]
[0.9, 0.2, 16798.68]
[0.9, 0.30000000000000004, 15045.839999999998]
[0.9, 0.4, 8880.48]
[0.9, 0.5, 12335.4]
[0.9, 0.6000000000000001, 9179.64]
[0.9, 0.7000000000000001, 10760.76]
[0.9, 0.8, 7726.32]
[0.9, 0.9, 5640.48]
[0.1, 0.1, 6435.719999999999]
[0.1, 0.2, 4865.76]
[0.1, 0.30000000000000004, 4718.16]
[0.1, 0.4, 4087.4399999999996]
[0.1, 0.5, 3893.3999999999996]
[0.1, 0.6000000000000001, 3858.48]
[0.1, 0.7000000000000001, 3336.84]
[0.1, 0.8, 3288.9599999999996]
[0.1, 0.9, 3596.4]
[0.2, 0.1, 9536.76]
[0.2, 0.2, 6980.04]
[0.2, 0.30000000000000004, 5807.52]
[0.2, 0.4, 5414.76]
[0.2, 0.5, 4702.32]
[0.2, 0.6000000000000001, 4465.8]
[0.2, 0.7000000000000001, 4098.24]
[0.2, 0.8, 4888.4400000000005]
[0.2, 0.9, 4091.7599999999998]
[0.30000000000000004, 0.1, 9897.48]
[0.30000000000000004, 0.2, 11340.0]
[0.30000000000000004, 0.30000000000000004, 6495.84]
[0.30000000000000004, 0.4, 4821.12]
[0.30000000000000004, 0.5, 5432.4]
[0.30000000000000004, 0.6000000000000001, 4714.56]
[0.30000000000000004, 0.7000000000000001, 4006.44]
[0.30000000000000004, 0.8, 3951.36]
[0.30000000000000004, 0.9, 3606.4800000000005]
[0.4, 0.1, 8596.08]
[0.4, 0.2, 10512.0]
[0.4, 0.30000000000000004, 9421.56]
[0.4, 0.4, 7049.52]
[0.4, 0.5, 5093.28]
[0.4, 0.6000000000000001, 6183.0]
[0.4, 0.7000000000000001, 5619.599999999999]
[0.4, 0.8, 4771.08]
[0.4, 0.9, 4208.76]
[0.5, 0.1, 5762.88]
[0.5, 0.2, 13088.16]
[0.5, 0.30000000000000004, 10199.88]
[0.5, 0.4, 5024.16]
[0.5, 0.5, 7986.96]
[0.5, 0.6000000000000001, 4852.8]
[0.5, 0.7000000000000001, 4998.24]
[0.5, 0.8, 4273.56]
[0.5, 0.9, 3941.64]
[0.6000000000000001, 0.1, 5688.72]
[0.6000000000000001, 0.2, 21377.88]
[0.6000000000000001, 0.30000000000000004, 14640.839999999998]
[0.6000000000000001, 0.4, 10274.04]
[0.6000000000000001, 0.5, 10640.88]
[0.6000000000000001, 0.6000000000000001, 7003.08]
[0.6000000000000001, 0.7000000000000001, 5337.0]
[0.6000000000000001, 0.8, 5383.8]
[0.6000000000000001, 0.9, 4192.56]
[0.7000000000000001, 0.1, 19708.56]
[0.7000000000000001, 0.2, 12084.84]
[0.7000000000000001, 0.30000000000000004, 13156.2]
[0.7000000000000001, 0.4, 8283.24]
[0.7000000000000001, 0.5, 5793.48]
[0.7000000000000001, 0.6000000000000001, 8914.68]
[0.7000000000000001, 0.7000000000000001, 6068.5199999999995]
[0.7000000000000001, 0.8, 6361.92]
[0.7000000000000001, 0.9, 4367.5199999999995]
[0.8, 0.1, 5456.88]
[0.8, 0.2, 13225.68]
[0.8, 0.30000000000000004, 12615.839999999998]
[0.8, 0.4, 11635.920000000002]
[0.8, 0.5, 16696.44]
[0.8, 0.6000000000000001, 6886.4400000000005]
[0.8, 0.7000000000000001, 8801.640000000001]
[0.8, 0.8, 5945.400000000001]
[0.8, 0.9, 6884.639999999999]
[0.9, 0.1, 15632.64]
[0.9, 0.2, 8769.6]
[0.9, 0.30000000000000004, 9300.24]
[0.9, 0.4, 7006.32]
[0.9, 0.5, 10869.480000000001]
[0.9, 0.6000000000000001, 11557.08]
[0.9, 0.7000000000000001, 8328.96]
[0.9, 0.8, 6945.48]
[0.9, 0.9, 7023.96]
[0.1, 0.1, 6590.5199999999995]
[0.1, 0.2, 5182.56]
[0.1, 0.30000000000000004, 4433.76]
[0.1, 0.4, 4286.16]
[0.1, 0.5, 3602.16]
[0.1, 0.6000000000000001, 4178.5199999999995]
[0.1, 0.7000000000000001, 3904.56]
[0.1, 0.8, 4168.4400000000005]
[0.1, 0.9, 3969.36]
[0.2, 0.1, 12142.08]
[0.2, 0.2, 7311.240000000001]
[0.2, 0.30000000000000004, 5233.320000000001]
[0.2, 0.4, 5481.0]
[0.2, 0.5, 4874.04]
[0.2, 0.6000000000000001, 4654.8]
[0.2, 0.7000000000000001, 4030.2000000000003]
[0.2, 0.8, 4036.3199999999997]
[0.2, 0.9, 3678.8399999999997]
[0.30000000000000004, 0.1, 12475.800000000001]
[0.30000000000000004, 0.2, 9754.199999999999]
[0.30000000000000004, 0.30000000000000004, 5955.84]
[0.30000000000000004, 0.4, 4589.28]
[0.30000000000000004, 0.5, 4269.96]
[0.30000000000000004, 0.6000000000000001, 4217.4]
[0.30000000000000004, 0.7000000000000001, 3568.6800000000003]
[0.30000000000000004, 0.8, 3479.3999999999996]
[0.30000000000000004, 0.9, 3705.12]
[0.4, 0.1, 8209.439999999999]
[0.4, 0.2, 10361.52]
[0.4, 0.30000000000000004, 8568.0]
[0.4, 0.4, 6213.24]
[0.4, 0.5, 5522.4]
[0.4, 0.6000000000000001, 5210.280000000001]
[0.4, 0.7000000000000001, 4904.64]
[0.4, 0.8, 4552.2]
[0.4, 0.9, 4024.44]
[0.5, 0.1, 8250.84]
[0.5, 0.2, 10600.2]
[0.5, 0.30000000000000004, 3845.88]
[0.5, 0.4, 10377.0]
[0.5, 0.5, 9609.480000000001]
[0.5, 0.6000000000000001, 4791.96]
[0.5, 0.7000000000000001, 5013.0]
[0.5, 0.8, 4410.0]
[0.5, 0.9, 3533.04]
[0.6000000000000001, 0.1, 4984.92]
[0.6000000000000001, 0.2, 12895.2]
[0.6000000000000001, 0.30000000000000004, 11749.679999999998]
[0.6000000000000001, 0.4, 8926.56]
[0.6000000000000001, 0.5, 9363.24]
[0.6000000000000001, 0.6000000000000001, 8332.2]
[0.6000000000000001, 0.7000000000000001, 5094.36]
[0.6000000000000001, 0.8, 5052.96]
[0.6000000000000001, 0.9, 4421.52]
[0.7000000000000001, 0.1, 4849.56]
[0.7000000000000001, 0.2, 11400.12]
[0.7000000000000001, 0.30000000000000004, 11455.2]
[0.7000000000000001, 0.4, 5365.8]
[0.7000000000000001, 0.5, 8433.0]
[0.7000000000000001, 0.6000000000000001, 9604.8]
[0.7000000000000001, 0.7000000000000001, 7326.000000000001]
[0.7000000000000001, 0.8, 6415.2]
[0.7000000000000001, 0.9, 4157.639999999999]
[0.8, 0.1, 4685.400000000001]
[0.8, 0.2, 5263.56]
[0.8, 0.30000000000000004, 13926.96]
[0.8, 0.4, 12197.880000000001]
[0.8, 0.5, 12100.320000000002]
[0.8, 0.6000000000000001, 9578.880000000001]
[0.8, 0.7000000000000001, 11316.96]
[0.8, 0.8, 5694.48]
[0.8, 0.9, 5887.080000000001]
[0.9, 0.1, 18012.6]
[0.9, 0.2, 10093.32]
[0.9, 0.30000000000000004, 15078.24]
[0.9, 0.4, 12471.12]
[0.9, 0.5, 7804.08]
[0.9, 0.6000000000000001, 7776.000000000001]
[0.9, 0.7000000000000001, 9909.36]
[0.9, 0.8, 9471.6]
[0.9, 0.9, 5365.8]
[0.1, 0.1, 6717.960000000001]
[0.1, 0.2, 5393.88]
[0.1, 0.30000000000000004, 4653.36]
[0.1, 0.4, 5215.32]
[0.1, 0.5, 4569.12]
[0.1, 0.6000000000000001, 4201.92]
[0.1, 0.7000000000000001, 3866.0400000000004]
[0.1, 0.8, 3646.8]
[0.1, 0.9, 3557.8799999999997]
[0.2, 0.1, 9080.279999999999]
[0.2, 0.2, 4645.44]
[0.2, 0.30000000000000004, 4547.16]
[0.2, 0.4, 4292.639999999999]
[0.2, 0.5, 4330.8]
[0.2, 0.6000000000000001, 4241.88]
[0.2, 0.7000000000000001, 4340.88]
[0.2, 0.8, 3962.16]
[0.2, 0.9, 3441.24]
[0.30000000000000004, 0.1, 13732.92]
[0.30000000000000004, 0.2, 5019.84]
[0.30000000000000004, 0.30000000000000004, 8350.560000000001]
[0.30000000000000004, 0.4, 6679.08]
[0.30000000000000004, 0.5, 4787.639999999999]
[0.30000000000000004, 0.6000000000000001, 4929.48]
[0.30000000000000004, 0.7000000000000001, 4858.2]
[0.30000000000000004, 0.8, 4439.88]
[0.30000000000000004, 0.9, 4306.679999999999]
[0.4, 0.1, 10973.52]
[0.4, 0.2, 9709.199999999999]
[0.4, 0.30000000000000004, 6919.92]
[0.4, 0.4, 8418.6]
[0.4, 0.5, 5326.92]
[0.4, 0.6000000000000001, 4986.72]
[0.4, 0.7000000000000001, 4204.08]
[0.4, 0.8, 4085.28]
[0.4, 0.9, 4008.9599999999996]
[0.5, 0.1, 10675.44]
[0.5, 0.2, 8288.28]
[0.5, 0.30000000000000004, 10764.720000000001]
[0.5, 0.4, 8066.16]
[0.5, 0.5, 7067.88]
[0.5, 0.6000000000000001, 5521.679999999999]
[0.5, 0.7000000000000001, 4452.84]
[0.5, 0.8, 3969.36]
[0.5, 0.9, 3984.12]
[0.6000000000000001, 0.1, 5248.4400000000005]
[0.6000000000000001, 0.2, 5295.24]
[0.6000000000000001, 0.30000000000000004, 9380.519999999999]
[0.6000000000000001, 0.4, 11795.04]
[0.6000000000000001, 0.5, 12935.88]
[0.6000000000000001, 0.6000000000000001, 6122.52]
[0.6000000000000001, 0.7000000000000001, 5000.04]
[0.6000000000000001, 0.8, 4851.360000000001]
[0.6000000000000001, 0.9, 4279.32]
[0.7000000000000001, 0.1, 4885.92]
[0.7000000000000001, 0.2, 7650.719999999999]
[0.7000000000000001, 0.30000000000000004, 8532.720000000001]
[0.7000000000000001, 0.4, 10904.04]
[0.7000000000000001, 0.5, 10744.199999999999]
[0.7000000000000001, 0.6000000000000001, 7443.36]
[0.7000000000000001, 0.7000000000000001, 6255.360000000001]
[0.7000000000000001, 0.8, 4513.320000000001]
[0.7000000000000001, 0.9, 4721.76]
[0.8, 0.1, 12243.960000000001]
[0.8, 0.2, 15127.92]
[0.8, 0.30000000000000004, 5061.96]
[0.8, 0.4, 18718.92]
[0.8, 0.5, 6421.68]
[0.8, 0.6000000000000001, 13137.119999999999]
[0.8, 0.7000000000000001, 8576.28]
[0.8, 0.8, 6208.92]
[0.8, 0.9, 5316.84]
[0.9, 0.1, 4685.76]
[0.9, 0.2, 9490.68]
[0.9, 0.30000000000000004, 4706.28]
[0.9, 0.4, 13173.480000000001]
[0.9, 0.5, 10326.96]
[0.9, 0.6000000000000001, 9938.16]
[0.9, 0.7000000000000001, 9249.84]
[0.9, 0.8, 13372.92]
[0.9, 0.9, 6786.000000000001]
[0.6, 0.4, 180.72]
[0.6, 0.4, 8072.28]
[0.1, 0.4, 3693.9599999999996]
[0.6, 0.4, 10292.76]
[0.6, 0.4, 9417.24]
